.-40-

1111111111 ,w 1111111111. Pewnego 11111 1111111111 on 1111111111
1111111111 11 1111111111111111 111111 111111· 11 1111111, 1111-
111111111111111111111- nie 1111111111 11111,1)11111111 11111 ’
111111 1111111 1111111111 mu 1111111111. (111 11111111 moja, ff
11111111111111111, 11111111111111 11 1111111 111111 A 11111111 ,
1111111111111111111 1 111111111111111111 111111111111 ser·
(1111111111111111111111 1111111 1111111111, 111111, 111111 11111, 1
111111 111111111111111111111111111 1 1111111111, 111 1111111111 syna,
11111111,111111111111 1111111111 1111111 1111111111, 11111111 1
11111,1,1111111,111111111 111111 nato, 11 111111 11111111 ³
godnym 11111111 11111 11111“ ’

1111111111-111111111111 11111111 1111111, 1111 1111111 11111 ³
(1111111111. 11111111 11111111 go pod 1111111ιί1111 Ρ11111111111111- 111
11111 11111 1111111 punias} 1111111111,

11111111111111111 w 11111111 1111111 1111111111 11111111-
11111 111111 1111111111 111111 11111 na 11111 1111111 w 11111111
1111111111. 11 111 1111111 1111111, 11111111 111111 na
11, 11 111111111111111111 1111111111 111111111111111111111111
1111111111, ze 111111 broni& 1111111111111111111111111111 1111
1111111111 1111111111 Α 1111111 111 Bega i 11111111 111 11111111
1111111111111111111 sobal: 11111 1111 1111111111 11111111 111
11111111· ’

. 1111111111 111111111111111, 1 1111111111 111111111111111
11111111,1111111111111111 1111111111 domu, 1111 111111111 1111
1111111111111, by 1111111, 1111111 11111111111, 111111 1111

1111 111111111111111111111111111 1 1111111111111111 11111 111111.
,11111111111111111111111011111, Bog Syn 1111111111
111111 - 1111111.1

***

11Β11111 111 1111111111 11111111,11111111 11111 1111111111
1111896, 11111 1111111111 1111111111 w Ι1111761111111111
111111111111111 11111 37 11111111111111111111111.

1111111111 wychowanie 1111οά11111. “

,0111111 1111111111, 11111111111111111111111 w 11111111 11
111111111111111111, 1111111111 111 111 1111111111 111111111111-
1111. 11111111 11 1111111111 1111111111.

 

